  0.1451616255088339E+00 -0.2995813493365432E+00 -0.6396719398491282E+00 -0.7563067182951508E+00 -0.6087418009597697E+00 -0.2485258589375625E+00  0.1985073157453920E+00  0.5761961739471478E+00  0.7526031313211543E+00  0.6661041623966407E+00  0.3469158456099014E+00 -0.9346015687992339E-01 -0.5011878377059944E+00 -0.7338361875567340E+00 -0.7101344444942280E+00 -0.4383623092736394E+00 -0.1345760766094291E-01  0.4161482234855244E+00  0.7003815075089334E+00  0.7399513808569820E+00  0.5210349483367923E+00
  0.8487945965800994E-01 -0.1699436223234021E+00 -0.3730445160237170E+00 -0.4458302277188338E+00 -0.3628746142555739E+00 -0.1531564580646392E+00  0.1100636552672396E+00  0.3348353672630270E+00  0.4426394521998371E+00  0.3958168416662446E+00  0.2107240206165964E+00 -0.4798076340256822E-01 -0.2899244863499851E+00 -0.4305892450355068E+00 -0.4208367922997634E+00 -0.2640739404631768E+00 -0.1506246376783201E-01  0.2392107648714200E+00  0.4099207912041677E+00  0.4374336916740872E+00  0.3046615434536775E+00
  0.1119669345723492E-01 -0.2241775161898865E-01 -0.4920937419546769E-01 -0.5881074660288493E-01 -0.4786783322611089E-01 -0.2020330853724741E-01  0.1451881307651284E-01  0.4416909557377219E-01  0.5838984223425440E-01  0.5221333711600275E-01  0.2779721115599051E-01 -0.6329280391595572E-02 -0.3824477220385712E-01 -0.5680026477630635E-01 -0.5551379070851362E-01 -0.3483475240445019E-01 -0.1986932883392940E-02  0.3155497945825145E-01  0.5407382963266937E-01  0.5770313540254926E-01  0.4018877975900230E-01
 -0.6425378444747723E-01  0.1286473891444112E+00  0.2823948458022424E+00  0.3374936582706242E+00  0.2746962261515621E+00  0.1159394991777111E+00 -0.8331823045924958E-01 -0.2534705051162531E+00 -0.3350782399439294E+00 -0.2996335052976984E+00 -0.1595181667409071E+00  0.3632145682495622E-01  0.2194729505469883E+00  0.3259562283665235E+00  0.3185736177980603E+00  0.1999040771122024E+00  0.1140229101464223E-01 -0.1810826433803048E+00 -0.3103102006621498E+00 -0.3311374771721773E+00 -0.2306289085884984E+00
 -0.1295600026005158E+00  0.2594019358614432E+00  0.5694151289472772E+00  0.6805152353157068E+00  0.5538917914421089E+00  0.2337780092508858E+00 -0.1680011574072286E+00 -0.5110926863593508E+00 -0.6756448357372398E+00 -0.6041748055681361E+00 -0.3216491335957861E+00  0.7323783464524966E-01  0.4425407201789671E+00  0.6572514001777092E+00  0.6423652568528666E+00  0.4030824483448390E+00  0.2299134387510594E-01 -0.3651312984753183E+00 -0.6257030733748978E+00 -0.6676987631541755E+00 -0.4650353633396477E+00
 -0.1744115451090178E+00  0.3492026206372159E+00  0.7665372835346779E+00  0.9160984198773604E+00  0.7456400218398530E+00  0.3147081119755620E+00 -0.2261603956110246E+00 -0.6880245703352439E+00 -0.9095419680501868E+00 -0.8133301886384763E+00 -0.4329987746788960E+00  0.9859156872898892E-01  0.5957410406825958E+00  0.8847810275484143E+00  0.8647415461815795E+00  0.5426229639630257E+00  0.3095056907149225E-01 -0.4915337500501767E+00 -0.8423111887645374E+00 -0.8988450957983865E+00 -0.6260229594197191E+00
 -0.1917273396068660E+00  0.3838718898836097E+00  0.8426400556781662E+00  0.1007049807117721E+01  0.8196680879261870E+00  0.3459527236230791E+00 -0.2486138801639236E+00 -0.7563325029434246E+00 -0.9998424226220511E+00 -0.8940786184316818E+00 -0.4759874300197643E+00  0.1083798619424031E+00  0.6548869500198826E+00  0.9726231852395637E+00  0.9505941593103282E+00  0.5964952447683134E+00  0.3402337995278128E-01 -0.5403338303390448E+00 -0.9259368881915353E+00 -0.9880835516271852E+00 -0.6881752952038609E+00
 -0.1787736028826397E+00  0.3579362282947113E+00  0.7857084910044787E+00  0.9390101728311629E+00  0.7642885857956230E+00  0.3225790070209951E+00 -0.2318166995623706E+00 -0.7052321635802773E+00 -0.9322897432028514E+00 -0.8336716933803459E+00 -0.4438281361748695E+00  0.1010573580121414E+00  0.6106406096070660E+00  0.9069095280255952E+00  0.8863688563538361E+00  0.5561940421655679E+00  0.3172464724580079E-01 -0.5038270796807568E+00 -0.8633775124787300E+00 -0.9213253406408858E+00 -0.6416798834776748E+00
 -0.1375954451382563E+00  0.2754903065619311E+00  0.6047308317640177E+00  0.7227214792156629E+00  0.5882447211497646E+00  0.2482771580793637E+00 -0.1784207592868469E+00 -0.5427911722366863E+00 -0.7175490125241744E+00 -0.6416463387222577E+00 -0.3415981385235821E+00  0.7778011930153375E-01  0.4699875437065411E+00  0.6980147974683205E+00  0.6822054004626010E+00  0.4280820299026879E+00  0.2441729030043516E-01 -0.3877771112936125E+00 -0.6645098114952595E+00 -0.7091101164742967E+00 -0.4938773274113444E+00
 -0.7469399205598393E-01  0.1495505229054722E+00  0.3282794710130366E+00  0.3923309552360650E+00  0.3193299493626814E+00  0.1347778049965853E+00 -0.9685610423661473E-01 -0.2946553896923497E+00 -0.3895230702397581E+00 -0.3483191357033233E+00 -0.1854373058612621E+00  0.4222310998292590E-01  0.2551337787435762E+00  0.3789188783441925E+00  0.3703367121746033E+00  0.2323852777883172E+00  0.1325498010415076E-01 -0.2105056634785675E+00 -0.3607306225222573E+00 -0.3849419968337491E+00 -0.2681024007242876E+00
  0.0000000000000000E+00 -0.3625218039592347E-16 -0.4028020043991497E-16 -0.4028020043991497E-16 -0.2014010021995748E-16  0.6042030065987245E-17  0.2819614030794048E-16  0.4028020043991497E-16  0.4028020043991497E-16  0.2819614030794048E-16  0.0000000000000000E+00 -0.2416812026394898E-16 -0.4833624052789796E-16 -0.4028020043991497E-16 -0.3222416035193198E-16 -0.6042030065987245E-17  0.2014010021995748E-16  0.4028020043991497E-16  0.4028020043991497E-16  0.3625218039592347E-16  0.0000000000000000E+00
  0.7469399205598401E-01 -0.1495505229054724E+00 -0.3282794710130369E+00 -0.3923309552360654E+00 -0.3193299493626817E+00 -0.1347778049965855E+00  0.9685610423661481E-01  0.2946553896923501E+00  0.3895230702397585E+00  0.3483191357033237E+00  0.1854373058612623E+00 -0.4222310998292594E-01 -0.2551337787435765E+00 -0.3789188783441929E+00 -0.3703367121746037E+00 -0.2323852777883174E+00 -0.1325498010415081E-01  0.2105056634785678E+00  0.3607306225222576E+00  0.3849419968337495E+00  0.2681024007242879E+00
  0.1375954451382564E+00 -0.2754903065619312E+00 -0.6047308317640181E+00 -0.7227214792156634E+00 -0.5882447211497650E+00 -0.2482771580793640E+00  0.1784207592868469E+00  0.5427911722366866E+00  0.7175490125241749E+00  0.6416463387222583E+00  0.3415981385235824E+00 -0.7778011930153374E-01 -0.4699875437065415E+00 -0.6980147974683210E+00 -0.6822054004626016E+00 -0.4280820299026883E+00 -0.2441729030043521E-01  0.3877771112936128E+00  0.6645098114952602E+00  0.7091101164742972E+00  0.4938773274113448E+00
  0.1787736028826397E+00 -0.3579362282947113E+00 -0.7857084910044788E+00 -0.9390101728311632E+00 -0.7642885857956231E+00 -0.3225790070209951E+00  0.2318166995623706E+00  0.7052321635802774E+00  0.9322897432028517E+00  0.8336716933803461E+00  0.4438281361748696E+00 -0.1010573580121414E+00 -0.6106406096070660E+00 -0.9069095280255954E+00 -0.8863688563538361E+00 -0.5561940421655680E+00 -0.3172464724580085E-01  0.5038270796807569E+00  0.8633775124787302E+00  0.9213253406408859E+00  0.6416798834776749E+00
  0.1917273396068660E+00 -0.3838718898836095E+00 -0.8426400556781662E+00 -0.1007049807117721E+01 -0.8196680879261868E+00 -0.3459527236230791E+00  0.2486138801639235E+00  0.7563325029434247E+00  0.9998424226220513E+00  0.8940786184316818E+00  0.4759874300197642E+00 -0.1083798619424030E+00 -0.6548869500198827E+00 -0.9726231852395636E+00 -0.9505941593103282E+00 -0.5964952447683133E+00 -0.3402337995278120E-01  0.5403338303390448E+00  0.9259368881915352E+00  0.9880835516271850E+00  0.6881752952038609E+00
  0.1744115451090178E+00 -0.3492026206372159E+00 -0.7665372835346779E+00 -0.9160984198773603E+00 -0.7456400218398530E+00 -0.3147081119755620E+00  0.2261603956110246E+00  0.6880245703352439E+00  0.9095419680501868E+00  0.8133301886384763E+00  0.4329987746788960E+00 -0.9859156872898889E-01 -0.5957410406825958E+00 -0.8847810275484141E+00 -0.8647415461815795E+00 -0.5426229639630257E+00 -0.3095056907149228E-01  0.4915337500501767E+00  0.8423111887645373E+00  0.8988450957983865E+00  0.6260229594197191E+00
  0.1295600026005158E+00 -0.2594019358614429E+00 -0.5694151289472769E+00 -0.6805152353157066E+00 -0.5538917914421085E+00 -0.2337780092508857E+00  0.1680011574072285E+00  0.5110926863593507E+00  0.6756448357372395E+00  0.6041748055681359E+00  0.3216491335957860E+00 -0.7323783464524962E-01 -0.4425407201789668E+00 -0.6572514001777089E+00 -0.6423652568528662E+00 -0.4030824483448389E+00 -0.2299134387510598E-01  0.3651312984753181E+00  0.6257030733748975E+00  0.6676987631541753E+00  0.4650353633396474E+00
  0.6425378444747706E-01 -0.1286473891444109E+00 -0.2823948458022419E+00 -0.3374936582706234E+00 -0.2746962261515615E+00 -0.1159394991777108E+00  0.8331823045924946E-01  0.2534705051162526E+00  0.3350782399439288E+00  0.2996335052976977E+00  0.1595181667409067E+00 -0.3632145682495619E-01 -0.2194729505469878E+00 -0.3259562283665228E+00 -0.3185736177980596E+00 -0.1999040771122020E+00 -0.1140229101464216E-01  0.1810826433803044E+00  0.3103102006621490E+00  0.3311374771721766E+00  0.2306289085884978E+00
 -0.1119669345723492E-01  0.2241775161898876E-01  0.4920937419546782E-01  0.5881074660288507E-01  0.4786783322611095E-01  0.2020330853724739E-01 -0.1451881307651293E-01 -0.4416909557377232E-01 -0.5838984223425453E-01 -0.5221333711600283E-01 -0.2779721115599051E-01  0.6329280391595652E-02  0.3824477220385725E-01  0.5680026477630649E-01  0.5551379070851371E-01  0.3483475240445021E-01  0.1986932883392873E-02 -0.3155497945825157E-01 -0.5407382963266949E-01 -0.5770313540254937E-01 -0.4018877975900230E-01
 -0.8487945965801001E-01  0.1699436223234021E+00  0.3730445160237173E+00  0.4458302277188342E+00  0.3628746142555742E+00  0.1531564580646393E+00 -0.1100636552672396E+00 -0.3348353672630272E+00 -0.4426394521998375E+00 -0.3958168416662449E+00 -0.2107240206165966E+00  0.4798076340256822E-01  0.2899244863499854E+00  0.4305892450355071E+00  0.4208367922997637E+00  0.2640739404631770E+00  0.1506246376783203E-01 -0.2392107648714202E+00 -0.4099207912041680E+00 -0.4374336916740875E+00 -0.3046615434536777E+00
 -0.1451616255088339E+00  0.2995813493365432E+00  0.6396719398491282E+00  0.7563067182951508E+00  0.6087418009597697E+00  0.2485258589375625E+00 -0.1985073157453920E+00 -0.5761961739471478E+00 -0.7526031313211543E+00 -0.6661041623966407E+00 -0.3469158456099014E+00  0.9346015687992339E-01  0.5011878377059944E+00  0.7338361875567340E+00  0.7101344444942280E+00  0.4383623092736394E+00  0.1345760766094291E-01 -0.4161482234855244E+00 -0.7003815075089334E+00 -0.7399513808569820E+00 -0.5210349483367923E+00
