 -0.2178859484595501E+00  0.2294007287587862E+00  0.5965511315212725E+00  0.7553090611595616E+00  0.6502158053566843E+00  0.3179834619165400E+00 -0.1253296532126938E+00 -0.5248615147179696E+00 -0.7410441487716677E+00 -0.6983587416853975E+00 -0.4117165342212663E+00  0.1875010380541806E-01  0.4426667911289951E+00  0.7119472327076687E+00  0.7325240230510603E+00  0.4972090972942481E+00  0.8820472905700780E-01 -0.3516120887058339E+00 -0.6686006879404188E+00 -0.7520278311148454E+00 -0.5727500169043067E+00
 -0.1274031033166830E+00  0.1232542383938395E+00  0.3300011677113057E+00  0.4218253784489894E+00  0.3665263487982264E+00  0.1833545685870882E+00 -0.6141871772131718E-01 -0.2881996852720694E+00 -0.4198200238378330E+00 -0.4049320955865126E+00 -0.2452553137907395E+00  0.3824169943665232E-02  0.2547141482171473E+00  0.4163829558940432E+00  0.4275900133231282E+00  0.2869554270094483E+00  0.4892344933426167E-01 -0.2065096836996219E+00 -0.3903393705093746E+00 -0.4383463051496038E+00 -0.3349005757103149E+00
 -0.1680610950028253E-01 -0.4044716988858216E-03  0.1488339714308211E-01  0.2506320404941272E-01  0.2680702995194989E-01  0.1930521698165558E-01  0.8724486516249377E-02 -0.1096486567273337E-01 -0.3651557882250495E-01 -0.4977109814978170E-01 -0.3967039789929081E-01 -0.8827089959096444E-02  0.3075005775579250E-01  0.5900631010730253E-01  0.5790515297149101E-01  0.3221579334084806E-01 -0.4723212744013215E-03 -0.3373240018347844E-01 -0.5605866276365780E-01 -0.5972368941073787E-01 -0.4417769740745551E-01
  0.9644419947337998E-01 -0.1220458998583485E+00 -0.2999246694859619E+00 -0.3742183435749823E+00 -0.3188263701937737E+00 -0.1531156387815227E+00  0.7089507451449611E-01  0.2637796319961740E+00  0.3523981978017837E+00  0.3165802905309211E+00  0.1776064691787927E+00 -0.1429107999632059E-01 -0.1941220788079027E+00 -0.3074895555788405E+00 -0.3242541875510398E+00 -0.2321251924386264E+00 -0.5372725536462397E-01  0.1411003358493375E+00  0.2843639405018522E+00  0.3266495169820944E+00  0.2535198679365759E+00
  0.1944680899658102E+00 -0.2237675018864072E+00 -0.5664148593013867E+00 -0.7148706655448989E+00 -0.6154969712491419E+00 -0.3020340895252442E+00  0.1210960540679638E+00  0.4969960662182724E+00  0.6871008424307820E+00  0.6343676170286255E+00  0.3675273776769176E+00 -0.1740319493224428E-01 -0.3890665674170891E+00 -0.6273940098772226E+00 -0.6571250482451871E+00 -0.4604286743209752E+00 -0.9899908606018001E-01  0.2943049201718201E+00  0.5816232190009455E+00  0.6624172490600952E+00  0.5111922205297407E+00
  0.2617897450181233E+00 -0.2915550095851923E+00 -0.7459674601841326E+00 -0.9464817584462569E+00 -0.8176713944319692E+00 -0.4073717435341165E+00  0.1484418638037995E+00  0.6534408199939190E+00  0.9193231072534598E+00  0.8584200831020925E+00  0.5040598754996414E+00 -0.1563637910576146E-01 -0.5236728510472325E+00 -0.8538266531507257E+00 -0.8945936487820626E+00 -0.6204265791907174E+00 -0.1276440569079269E+00  0.4031596516643972E+00  0.7904126931271960E+00  0.8957364818424982E+00  0.6881585615987542E+00
  0.2877805555664987E+00 -0.3110861835211086E+00 -0.8049216481378331E+00 -0.1025715253565645E+01 -0.8897548013828694E+00 -0.4493351265560890E+00  0.1555754416567249E+00  0.7134409079724660E+00  0.1010702703782914E+01  0.9461091504479934E+00  0.5561653171546058E+00 -0.1741247130274190E-01 -0.5799026361757934E+00 -0.9477567437342317E+00 -0.9936030015355788E+00 -0.6838606191956252E+00 -0.1299111583953787E+00  0.4599220717404129E+00  0.8858684935285444E+00  0.9951752541934530E+00  0.7564797970257476E+00
  0.2683371441114404E+00 -0.2835088418528012E+00 -0.7397934918836488E+00 -0.9446197900111996E+00 -0.8203029452512145E+00 -0.4132411733023214E+00  0.1492894841751986E+00  0.6677196156892178E+00  0.9405708358291525E+00  0.8750073434103378E+00  0.5078960681501372E+00 -0.2701181027018859E-01 -0.5484761695397192E+00 -0.8873071027046268E+00 -0.9261930140840982E+00 -0.6323113462703538E+00 -0.1087390160977076E+00  0.4456942553638828E+00  0.8417842317196168E+00  0.9375770787113666E+00  0.7053695059845174E+00
  0.2065291977998586E+00 -0.2169408012968707E+00 -0.5669493585095078E+00 -0.7234376670485677E+00 -0.6267871338901262E+00 -0.3124047023158877E+00  0.1204742994737239E+00  0.5165782161080004E+00  0.7215871835772624E+00  0.6663845840306339E+00  0.3814083411231208E+00 -0.2944626446408469E-01 -0.4270798619042082E+00 -0.6829596271203394E+00 -0.7090581194070594E+00 -0.4811579933389047E+00 -0.7756272061676520E-01  0.3492536862970144E+00  0.6529653260535717E+00  0.7245123615743133E+00  0.5428968796170996E+00
  0.1121148323208722E+00 -0.1182118579380192E+00 -0.3083240752761124E+00 -0.3928931873206019E+00 -0.3396057818402486E+00 -0.1680730130529769E+00  0.6701903077157387E-01  0.2811096623508644E+00  0.3909325288652324E+00  0.3596765876495273E+00  0.2043923666685825E+00 -0.1830183271601718E-01 -0.2330279065600108E+00 -0.3704802794089436E+00 -0.3835674610368869E+00 -0.2596844725595356E+00 -0.4115922214079737E-01  0.1899212754204489E+00  0.3544186337840082E+00  0.3931754848016197E+00  0.2947127731778636E+00
 -0.0000000000000000E+00  0.4364826497581253E-15  0.6545141488783563E-15  0.8008046101472849E-15  0.3137614415756090E-15 -0.2755225493031155E-15 -0.3379606356997337E-15  0.6608154956263956E-16  0.1616862706457095E-15  0.3051680694646039E-15  0.2437063027429841E-15  0.8133970892457566E-15  0.9762917154292222E-15  0.1079062418169613E-14  0.5762671131170954E-15  0.2557878135985549E-15  0.2427701818809164E-16  0.1081695663228021E-15 -0.4315354919466196E-15  0.2170610932197638E-15 -0.0000000000000000E+00
 -0.1121148323208723E+00  0.1182118579380198E+00  0.3083240752761134E+00  0.3928931873206030E+00  0.3396057818402498E+00  0.1680730130529776E+00 -0.6701903077157328E-01 -0.2811096623508642E+00 -0.3909325288652324E+00 -0.3596765876495266E+00 -0.2043923666685824E+00  0.1830183271601810E-01  0.2330279065600120E+00  0.3704802794089446E+00  0.3835674610368879E+00  0.2596844725595364E+00  0.4115922214079762E-01 -0.1899212754204490E+00 -0.3544186337840085E+00 -0.3931754848016199E+00 -0.2947127731778639E+00
 -0.2065291977998588E+00  0.2169408012968707E+00  0.5669493585095083E+00  0.7234376670485683E+00  0.6267871338901271E+00  0.3124047023158887E+00 -0.1204742994737230E+00 -0.5165782161079994E+00 -0.7215871835772627E+00 -0.6663845840306337E+00 -0.3814083411231208E+00  0.2944626446408501E-01  0.4270798619042083E+00  0.6829596271203401E+00  0.7090581194070600E+00  0.4811579933389055E+00  0.7756272061676575E-01 -0.3492536862970138E+00 -0.6529653260535714E+00 -0.7245123615743136E+00 -0.5428968796171002E+00
 -0.2683371441114404E+00  0.2835088418528015E+00  0.7397934918836497E+00  0.9446197900111999E+00  0.8203029452512149E+00  0.4132411733023215E+00 -0.1492894841751978E+00 -0.6677196156892171E+00 -0.9405708358291529E+00 -0.8750073434103378E+00 -0.5078960681501369E+00  0.2701181027018881E-01  0.5484761695397199E+00  0.8873071027046274E+00  0.9261930140840982E+00  0.6323113462703538E+00  0.1087390160977082E+00 -0.4456942553638823E+00 -0.8417842317196171E+00 -0.9375770787113664E+00 -0.7053695059845175E+00
 -0.2877805555664987E+00  0.3110861835211088E+00  0.8049216481378331E+00  0.1025715253565645E+01  0.8897548013828692E+00  0.4493351265560898E+00 -0.1555754416567239E+00 -0.7134409079724651E+00 -0.1010702703782914E+01 -0.9461091504479934E+00 -0.5561653171546065E+00  0.1741247130274128E-01  0.5799026361757933E+00  0.9477567437342318E+00  0.9936030015355788E+00  0.6838606191956258E+00  0.1299111583953796E+00 -0.4599220717404118E+00 -0.8858684935285438E+00 -0.9951752541934529E+00 -0.7564797970257475E+00
 -0.2617897450181233E+00  0.2915550095851922E+00  0.7459674601841323E+00  0.9464817584462569E+00  0.8176713944319689E+00  0.4073717435341172E+00 -0.1484418638037987E+00 -0.6534408199939183E+00 -0.9193231072534593E+00 -0.8584200831020922E+00 -0.5040598754996419E+00  0.1563637910576099E-01  0.5236728510472322E+00  0.8538266531507264E+00  0.8945936487820627E+00  0.6204265791907171E+00  0.1276440569079272E+00 -0.4031596516643958E+00 -0.7904126931271954E+00 -0.8957364818424977E+00 -0.6881585615987542E+00
 -0.1944680899658101E+00  0.2237675018864074E+00  0.5664148593013865E+00  0.7148706655448985E+00  0.6154969712491416E+00  0.3020340895252441E+00 -0.1210960540679638E+00 -0.4969960662182724E+00 -0.6871008424307818E+00 -0.6343676170286259E+00 -0.3675273776769176E+00  0.1740319493224451E-01  0.3890665674170897E+00  0.6273940098772233E+00  0.6571250482451875E+00  0.4604286743209753E+00  0.9899908606017963E-01 -0.2943049201718203E+00 -0.5816232190009458E+00 -0.6624172490600955E+00 -0.5111922205297404E+00
 -0.9644419947337973E-01  0.1220458998583489E+00  0.2999246694859620E+00  0.3742183435749821E+00  0.3188263701937734E+00  0.1531156387815222E+00 -0.7089507451449586E-01 -0.2637796319961735E+00 -0.3523981978017831E+00 -0.3165802905309203E+00 -0.1776064691787922E+00  0.1429107999632061E-01  0.1941220788079024E+00  0.3074895555788401E+00  0.3242541875510395E+00  0.2321251924386264E+00  0.5372725536462446E-01 -0.1411003358493368E+00 -0.2843639405018513E+00 -0.3266495169820933E+00 -0.2535198679365753E+00
  0.1680610950028253E-01  0.4044716988855761E-03 -0.1488339714308230E-01 -0.2506320404941323E-01 -0.2680702995195046E-01 -0.1930521698165591E-01 -0.8724486516249439E-02  0.1096486567273392E-01  0.3651557882250563E-01  0.4977109814978269E-01  0.3967039789929169E-01  0.8827089959096489E-02 -0.3075005775579267E-01 -0.5900631010730300E-01 -0.5790515297149207E-01 -0.3221579334084849E-01  0.4723212744016641E-03  0.3373240018347948E-01  0.5605866276365882E-01  0.5972368941073827E-01  0.4417769740745551E-01
  0.1274031033166831E+00 -0.1232542383938400E+00 -0.3300011677113057E+00 -0.4218253784489894E+00 -0.3665263487982265E+00 -0.1833545685870884E+00  0.6141871772131675E-01  0.2881996852720688E+00  0.4198200238378327E+00  0.4049320955865127E+00  0.2452553137907399E+00 -0.3824169943665100E-02 -0.2547141482171472E+00 -0.4163829558940432E+00 -0.4275900133231285E+00 -0.2869554270094485E+00 -0.4892344933426211E-01  0.2065096836996221E+00  0.3903393705093747E+00  0.4383463051496040E+00  0.3349005757103152E+00
  0.2178859484595501E+00 -0.2294007287587862E+00 -0.5965511315212725E+00 -0.7553090611595616E+00 -0.6502158053566843E+00 -0.3179834619165400E+00  0.1253296532126938E+00  0.5248615147179696E+00  0.7410441487716677E+00  0.6983587416853975E+00  0.4117165342212663E+00 -0.1875010380541806E-01 -0.4426667911289951E+00 -0.7119472327076687E+00 -0.7325240230510603E+00 -0.4972090972942481E+00 -0.8820472905700780E-01  0.3516120887058339E+00  0.6686006879404188E+00  0.7520278311148454E+00  0.5727500169043067E+00
