 -0.2178859484595501E+00  0.2294007287587862E+00  0.5965511315212725E+00  0.7553090611595616E+00  0.6502158053566843E+00  0.3179834619165400E+00 -0.1253296532126938E+00 -0.5248615147179696E+00 -0.7410441487716677E+00 -0.6983587416853975E+00 -0.4117165342212663E+00  0.1875010380541806E-01  0.4426667911289951E+00  0.7119472327076687E+00  0.7325240230510603E+00  0.4972090972942481E+00  0.8820472905700780E-01 -0.3516120887058339E+00 -0.6686006879404188E+00 -0.7520278311148454E+00 -0.5727500169043067E+00
 -0.1274031033166830E+00  0.1341360695979154E+00  0.3488176542830089E+00  0.4416471967801222E+00  0.3801966671723065E+00  0.1859325033944097E+00 -0.7328323313086518E-01 -0.3068990279516729E+00 -0.4333061627684879E+00 -0.4083469886336936E+00 -0.2407404631525220E+00  0.1096363225443923E-01  0.2588378154892437E+00  0.4162925029629465E+00  0.4283242423411815E+00  0.2907300009038159E+00  0.5157540579610262E-01 -0.2055959623899308E+00 -0.3909467458801836E+00 -0.4397285834259875E+00 -0.3349005757103149E+00
 -0.1680610950028253E-01  0.1769427443220601E-01  0.4601353923805324E-01  0.5825895097021256E-01  0.5015283500793310E-01  0.2452689087125966E-01 -0.9667001889825852E-02 -0.4048393276940445E-01 -0.5715866120257117E-01 -0.5386622481267166E-01 -0.3175676635468753E-01  0.1446244238893728E-02  0.3414404011112131E-01  0.5491434044233234E-01  0.5650148176154226E-01  0.3835102994360860E-01  0.6803460000313077E-02 -0.2712075425786501E-01 -0.5157090878477163E-01 -0.5800586116879586E-01 -0.4417769740745551E-01
  0.9644419947337998E-01 -0.1015410576045405E+00 -0.2640551019066250E+00 -0.3343271021997439E+00 -0.2878090270433677E+00 -0.1407509784230445E+00  0.5547543639152371E-01  0.2323226852362059E+00  0.3280129361622596E+00  0.3091188314954094E+00  0.1822406255825905E+00 -0.8299473941946437E-02 -0.1959403284411964E+00 -0.3151335889772920E+00 -0.3242416204333379E+00 -0.2200827253820271E+00 -0.3904260253500820E-01  0.1556362246402168E+00  0.2959468408663162E+00  0.3328747111337390E+00  0.2535198679365759E+00
  0.1944680899658102E+00 -0.2047452893308905E+00 -0.5324352485053513E+00 -0.6741302571186126E+00 -0.5803321720710678E+00 -0.2838073630576755E+00  0.1118595230608671E+00  0.4684506595555625E+00  0.6613985032574022E+00  0.6233008212170156E+00  0.3674662298483042E+00 -0.1673488767623418E-01 -0.3950900274697214E+00 -0.6354288538565743E+00 -0.6537941001884147E+00 -0.4437702575500760E+00 -0.7872469659902147E-01  0.3138216657978136E+00  0.5967410916254570E+00  0.6712016857993252E+00  0.5111922205297407E+00
  0.2617897450181233E+00 -0.2756247418124961E+00 -0.7167555765543990E+00 -0.9075030672184360E+00 -0.7812336274758944E+00 -0.3820568054234360E+00  0.1505834506067381E+00  0.6306205750269013E+00  0.8903637895223072E+00  0.8390773164105085E+00  0.4946769962705529E+00 -0.2252823061325133E-01 -0.5318636984025812E+00 -0.8554038745252088E+00 -0.8801268671521882E+00 -0.5973962236739516E+00 -0.1059778920691323E+00  0.4224615662385340E+00  0.8033230451635042E+00  0.9035606726637383E+00  0.6881585615987542E+00
  0.2877805555664987E+00 -0.3029891080003220E+00 -0.7879159590912602E+00 -0.9976010971871467E+00 -0.8587954708717862E+00 -0.4199878788800783E+00  0.1655335623315860E+00  0.6932293677903348E+00  0.9787602107457815E+00  0.9223819529796571E+00  0.5437891419423297E+00 -0.2476486128730081E-01 -0.5846677859797428E+00 -0.9403294320316418E+00 -0.9675069540272648E+00 -0.6567064616313235E+00 -0.1164995086240295E+00  0.4644040744575461E+00  0.8830779533419865E+00  0.9932672968118315E+00  0.7564797970257476E+00
  0.2683371441114404E+00 -0.2825181561611519E+00 -0.7346817363882663E+00 -0.9301998491686881E+00 -0.8007723926167918E+00 -0.3916121009574603E+00  0.1543495643172001E+00  0.6463924861110134E+00  0.9126319156776581E+00  0.8600627605130221E+00  0.5070489389402033E+00 -0.2309166489399838E-01 -0.5451656858293547E+00 -0.8767976481892557E+00 -0.9021389664099240E+00 -0.6123371889625771E+00 -0.1086284143590603E+00  0.4330273906391804E+00  0.8234142698109025E+00  0.9261588547603899E+00  0.7053695059845174E+00
  0.2065291977998586E+00 -0.2174437994749839E+00 -0.5654574216958240E+00 -0.7159404982061446E+00 -0.6163249609555953E+00 -0.3014093830627949E+00  0.1187971639362392E+00  0.4975044437564774E+00  0.7024191080798605E+00  0.6619585692263217E+00  0.3902568574744141E+00 -0.1777280235359453E-01 -0.4195939109927572E+00 -0.6748387947295338E+00 -0.6943430722332550E+00 -0.4712933382302838E+00 -0.8360728198899715E-01  0.3332852032476522E+00  0.6337515783143929E+00  0.7128302939285253E+00  0.5428968796170996E+00
  0.1121148323208722E+00 -0.1180398480072335E+00 -0.3069598133986623E+00 -0.3886498846806567E+00 -0.3345733697163082E+00 -0.1636207509737682E+00  0.6448930348247224E-01  0.2700713888633737E+00  0.3813097681116547E+00  0.3593456750076251E+00  0.2118517991834489E+00 -0.9648005110038816E-02 -0.2277774836437395E+00 -0.3663377339413311E+00 -0.3769256741704340E+00 -0.2558426321920693E+00 -0.4538639815027021E-01  0.1809246105402919E+00  0.3440334475354017E+00  0.3869615034019628E+00  0.2947127731778636E+00
 -0.0000000000000000E+00  0.0000000000000000E+00  0.0000000000000000E+00  0.0000000000000000E+00  0.0000000000000000E+00  0.0000000000000000E+00 -0.0000000000000000E+00 -0.0000000000000000E+00 -0.0000000000000000E+00 -0.0000000000000000E+00 -0.0000000000000000E+00  0.0000000000000000E+00  0.0000000000000000E+00  0.0000000000000000E+00  0.0000000000000000E+00  0.0000000000000000E+00  0.0000000000000000E+00 -0.0000000000000000E+00 -0.0000000000000000E+00 -0.0000000000000000E+00 -0.0000000000000000E+00
 -0.1121148323208723E+00  0.1180398480072336E+00  0.3069598133986626E+00  0.3886498846806571E+00  0.3345733697163086E+00  0.1636207509737683E+00 -0.6448930348247230E-01 -0.2700713888633740E+00 -0.3813097681116551E+00 -0.3593456750076255E+00 -0.2118517991834491E+00  0.9648005110038826E-02  0.2277774836437398E+00  0.3663377339413315E+00  0.3769256741704344E+00  0.2558426321920696E+00  0.4538639815027025E-01 -0.1809246105402921E+00 -0.3440334475354020E+00 -0.3869615034019632E+00 -0.2947127731778639E+00
 -0.2065291977998588E+00  0.2174437994749841E+00  0.5654574216958245E+00  0.7159404982061452E+00  0.6163249609555959E+00  0.3014093830627951E+00 -0.1187971639362393E+00 -0.4975044437564778E+00 -0.7024191080798612E+00 -0.6619585692263223E+00 -0.3902568574744144E+00  0.1777280235359455E-01  0.4195939109927576E+00  0.6748387947295345E+00  0.6943430722332556E+00  0.4712933382302842E+00  0.8360728198899724E-01 -0.3332852032476525E+00 -0.6337515783143935E+00 -0.7128302939285259E+00 -0.5428968796171002E+00
 -0.2683371441114404E+00  0.2825181561611520E+00  0.7346817363882664E+00  0.9301998491686883E+00  0.8007723926167918E+00  0.3916121009574604E+00 -0.1543495643172001E+00 -0.6463924861110135E+00 -0.9126319156776582E+00 -0.8600627605130222E+00 -0.5070489389402034E+00  0.2309166489399838E-01  0.5451656858293548E+00  0.8767976481892558E+00  0.9021389664099241E+00  0.6123371889625772E+00  0.1086284143590603E+00 -0.4330273906391804E+00 -0.8234142698109026E+00 -0.9261588547603901E+00 -0.7053695059845175E+00
 -0.2877805555664987E+00  0.3029891080003219E+00  0.7879159590912601E+00  0.9976010971871466E+00  0.8587954708717861E+00  0.4199878788800782E+00 -0.1655335623315859E+00 -0.6932293677903347E+00 -0.9787602107457813E+00 -0.9223819529796571E+00 -0.5437891419423296E+00  0.2476486128730081E-01  0.5846677859797427E+00  0.9403294320316417E+00  0.9675069540272647E+00  0.6567064616313235E+00  0.1164995086240295E+00 -0.4644040744575460E+00 -0.8830779533419864E+00 -0.9932672968118313E+00 -0.7564797970257475E+00
 -0.2617897450181233E+00  0.2756247418124961E+00  0.7167555765543990E+00  0.9075030672184360E+00  0.7812336274758944E+00  0.3820568054234360E+00 -0.1505834506067381E+00 -0.6306205750269013E+00 -0.8903637895223072E+00 -0.8390773164105085E+00 -0.4946769962705529E+00  0.2252823061325133E-01  0.5318636984025812E+00  0.8554038745252088E+00  0.8801268671521882E+00  0.5973962236739516E+00  0.1059778920691323E+00 -0.4224615662385340E+00 -0.8033230451635042E+00 -0.9035606726637383E+00 -0.6881585615987542E+00
 -0.1944680899658101E+00  0.2047452893308904E+00  0.5324352485053510E+00  0.6741302571186123E+00  0.5803321720710676E+00  0.2838073630576753E+00 -0.1118595230608670E+00 -0.4684506595555623E+00 -0.6613985032574020E+00 -0.6233008212170154E+00 -0.3674662298483040E+00  0.1673488767623417E-01  0.3950900274697212E+00  0.6354288538565740E+00  0.6537941001884143E+00  0.4437702575500758E+00  0.7872469659902143E-01 -0.3138216657978134E+00 -0.5967410916254567E+00 -0.6712016857993248E+00 -0.5111922205297404E+00
 -0.9644419947337973E-01  0.1015410576045403E+00  0.2640551019066244E+00  0.3343271021997430E+00  0.2878090270433670E+00  0.1407509784230441E+00 -0.5547543639152357E-01 -0.2323226852362053E+00 -0.3280129361622589E+00 -0.3091188314954087E+00 -0.1822406255825900E+00  0.8299473941946417E-02  0.1959403284411959E+00  0.3151335889772912E+00  0.3242416204333371E+00  0.2200827253820265E+00  0.3904260253500810E-01 -0.1556362246402164E+00 -0.2959468408663155E+00 -0.3328747111337381E+00 -0.2535198679365753E+00
  0.1680610950028253E-01 -0.1769427443220601E-01 -0.4601353923805324E-01 -0.5825895097021256E-01 -0.5015283500793310E-01 -0.2452689087125966E-01  0.9667001889825852E-02  0.4048393276940445E-01  0.5715866120257117E-01  0.5386622481267166E-01  0.3175676635468753E-01 -0.1446244238893728E-02 -0.3414404011112131E-01 -0.5491434044233234E-01 -0.5650148176154226E-01 -0.3835102994360860E-01 -0.6803460000313077E-02  0.2712075425786501E-01  0.5157090878477163E-01  0.5800586116879586E-01  0.4417769740745551E-01
  0.1274031033166831E+00 -0.1341360695979155E+00 -0.3488176542830091E+00 -0.4416471967801225E+00 -0.3801966671723069E+00 -0.1859325033944099E+00  0.7328323313086524E-01  0.3068990279516731E+00  0.4333061627684883E+00  0.4083469886336939E+00  0.2407404631525223E+00 -0.1096363225443924E-01 -0.2588378154892439E+00 -0.4162925029629469E+00 -0.4283242423411819E+00 -0.2907300009038161E+00 -0.5157540579610267E-01  0.2055959623899310E+00  0.3909467458801840E+00  0.4397285834259879E+00  0.3349005757103152E+00
  0.2178859484595501E+00 -0.2294007287587862E+00 -0.5965511315212725E+00 -0.7553090611595616E+00 -0.6502158053566843E+00 -0.3179834619165400E+00  0.1253296532126938E+00  0.5248615147179696E+00  0.7410441487716677E+00  0.6983587416853975E+00  0.4117165342212663E+00 -0.1875010380541806E-01 -0.4426667911289951E+00 -0.7119472327076687E+00 -0.7325240230510603E+00 -0.4972090972942481E+00 -0.8820472905700780E-01  0.3516120887058339E+00  0.6686006879404188E+00  0.7520278311148454E+00  0.5727500169043067E+00
